VBUS_HS;40;60;200;2400
VBUS_FS;40;60;200;2300
EMU_5V;40;60;200;2200
U5V_ST_LINK;40;60;200;2000
E5V;40;60;200;2100
+5V;40;60;300;2400
+5V;40;60;300;2300
+5V;40;60;300;2200
+5V;40;60;300;2100
+5V;40;60;300;2000
+3V3;28;50;850;250
+3V3;40;60;3050;4100
VREF+;40;60;2650;3250
EMU_3V3;40;60;3350;3150
+3V3;40;60;3350;3250
EMU_5V;40;60;3450;3150
+3V3;40;60;3811.937;1388.716
+3V3;40;60;3911.937;1488.716
+3V3;40;60;1400;3850
VDD_MCU;40;60;1500;3850
+3V3;40;60;3100;2650
+5V;40;60;2250;6525
+3V3;40;60;2150;6425
+3V3;40;60;4350;3375
+3V3;40;60;4450;3375
VBUS_FS;40;60;1750;5850
EMU_5V;40;60;3450;5850
+3V3;40;60;3350;5950
EMU_3V3;40;60;3350;5850
EMU_5V;40;60;1950;5850
+3V3;40;60;500;6050
+3V3;40;60;600;6100
+2V8;40;60;2750;2950
+3V3;40;60;1050;2950
+3V3;40;60;1400;4475
+3V3;40;60;1400;4625
+2V8;40;60;4125;2275
+5V;40;60;625;3225
+3V3;40;60;1150;3575
+2V5;40;60;325;1800
E5V;55.118;70.866;151.575;1623.425
U5V_ST_LINK;30;50;4050;4025
+1V2;40;60;150;1800
+3V3;40;60;3350;3750
VREF+;40;60;2800;4000
+3V3;40;60;1400;4325
+1V8;40;60;4125;1750
+5V;16;25;4025;4775
+1V2;8;18;1325;1775
+5V;8;16;1234.449;1901.949
+5V;8;16;1234.449;1780.551
VDD_MCU;8;16;1765;4285
+2V5;8;16;3110;1755
+5V;16;25;3975;5400
VBUS_FS;16;25;4225;5600
VBUS_HS;16;25;4275;5050
+1V8;8;16;4225;1475
+3V3;8;16;875;4060
+3V3;8;16;875;4195
+3V3;8;16;3300;2075
+3V3;8;16;2875.787;2200.787
+3V3;8;16;3000;2370
+3V3;8;16;3251.732;2358.268
VDD_MCU;8;16;1775;4675
VDD_MCU;8;16;2625;4375
VDD_MCU;8;12;2368.386;4495
VDD_MCU;8;12;2389;4500
VDD_MCU;8;12;2367.795;4470
VDD_MCU;8;12;2134.5;4498
VDD_MCU;8;12;2132.204;4470
VDD_MCU;8;12;2133;4445
+3V3;8;16;1000;6025
VDD_MCU;8;12;2134.5;4370.5
VDD_MCU;8;12;2265;4598.386
VDD_MCU;8;12;2237.205;4575
VDD_MCU;8;12;2211.614;4575
+1V2;8;18;1700;4725
+1V2;8;18;1725;4725
+3V3;8;16;2050;5020
VDD_MCU;8;16;2700;3950
+3V3;8;16;1425;5000
+3V3;28;50;1125;1525
+5V;28;50;1050;1525
+3V3;8;16;2100;2375
+3V3;8;16;2400;2225
+5V;8;16;2875;1825
+5V;8;16;2925;1825
VBUS_FS;8;16;2173.228;4658.228
VREF+;8;16;2625;3950
VREF+;8;16;2475;4025
VDD_MCU;6;12;2210;4345
VDD_MCU;8;12;2313.662;4345
VDD_MCU;6;12;2190;4320
+2V8;8;16;4075;1200
+3V3;8;16;3525;2000
+3V3;8;16;3675;2025
+2V8;8;16;3375;1400
+3V3;8;16;3175;850
+2V8;8;16;3460;1650
+2V8;8;16;3325;1000
+2V5;8;16;3575;1300
+2V5;8;16;3550;1325
+2V8;8;16;4250;725
+2V8;8;16;4498.5;733.5
+1V8;8;16;4499.016;1474.016
+2V8;8;16;2800;850
+2V8;8;16;3025;900
+2V8;8;16;3059.843;1125
+2V8;8;16;3425;1775
+2V8;8;16;4150;2075
+2V8;8;16;4050;2025
+2V8;8;16;3500;1800
+2V8;8;16;2875;850
+2V8;8;16;2950;850
+2V8;8;16;3025;850
+2V8;8;16;3100;850
+3V3;8;16;1870;162.5
+3V3;8;16;2525;575
+3V3;8;16;1850;830
+2V5;8;16;3110.637;1625.637
+3V3;8;16;3093.713;1600.787
+3V3;8;16;2006.102;5443.898
+3V3;8;16;600;6500
+3V3;8;16;825;5175
+3V3;8;16;875;6050
+3V3;8;16;1250;6025
+3V3;8;16;1175;6025
+3V3;8;16;1137.008;6120
+3V3;8;16;1600;5250
+3V3;8;16;3075;5650
+3V3;8;16;1770.473;5575
+3V3;8;16;1950;5725
+3V3;8;16;2225;5450
+3V3;8;16;2218;5380
+3V3;8;16;2225;5275
+2V5;8;16;2760;1640.158
+2V5;8;16;2775;1700
+2V8;8;16;3450;1450
+2V8;8;16;3278.74;1273.74
+3V3;8;16;550;5125
+3V3;8;16;750;4775
+3V3;8;16;2075;1425
+3V3;8;16;2150;1425
+3V3;8;16;710;5825
+3V3;8;16;3050;5575
+3V3;8;16;3050;5000
+3V3;8;16;2875;5075
+3V3;8;16;2952.756;5372.756
+3V3;8;16;2450;5350
+3V3;8;16;2700;5325
+3V3;8;16;2925;5025
+3V3;8;16;4075;2800
+3V3;8;16;4075;2900
+3V3;8;16;4075;3100
+2V8;8;16;3600;1625
+3V3;8;16;2455;5125
+3V3;8;16;4125;6025
+3V3;8;16;4125;5925
+3V3;8;16;3700;3450
+3V3;8;16;2125;600
+3V3;8;16;2425;1275
+3V3;8;16;2575;1400
+3V3;8;16;4260;6170
+2V8;8;16;3194.5;1255.5
+3V3;8;16;975;1025
+3V3;8;16;1105;1000
+3V3;8;16;1500;575
+3V3;8;16;1600;575
+3V3;8;16;1475;1275
+3V3;8;16;1325;1275
+3V3;8;16;1400;1475
+3V3;8;16;1150;1275
+5V;8;16;1125;1175
+5V;8;16;1325;1175
E5V;8;16;650;1655
E5V;8;16;585;1740
E5V;8;16;725;1740
+3V3;8;16;3350;925
+3V3;8;16;3425;625
+3V3;8;16;3600;840
+5V;8;16;1050;1725
+5V;8;16;950;1600
+5V;8;16;850;1475
+5V;8;16;1050;1475
+2V8;8;16;3000;1275
+3V3;8;16;2875;1125
+5V;16;25;1925;1125
+5V;16;25;2325;725
+3V3;8;16;2400;2125
+3V3;8;16;2900;2125
+3V3;8;16;2700;2175
+2V8;8;16;3125;1250
+2V8;8;16;3325;1075
+3V3;8;16;4075;2950
+3V3;8;16;4075;2700
+3V3;8;16;4375;4375
+3V3;8;16;4375;4450
+3V3;8;16;4375;4525
+3V3;8;16;4375;4600
VBUS_HS;8;16;4060;4650
+3V3;6;12;3925;4880
+3V3;6;12;3964;4860.5
+3V3;6;12;3885.5;4860.5
+3V3;8;16;4300;4700
+3V3;8;16;3950;4675
+3V3;8;16;3900;4675
+3V3;8;16;4150;4850
+3V3;8;16;3965;5000
VBUS_FS;8;16;3925;5775
VBUS_HS;8;16;3825;5625
VBUS_FS;8;16;4225;5750
VBUS_FS;8;16;4075;5525
VBUS_FS;8;16;3999.645;5499.645
+3V3;8;16;3825;5375
+3V3;8;16;3675;5375
+3V3;8;16;4000;6175
+3V3;8;16;3425;6100
+3V3;8;16;3875;3725
+3V3;8;16;3575;4125
U5V_ST_LINK;8;16;3725;3925
VBUS_HS;8;16;4050;5325
VBUS_HS;8;16;4325;5250
+3V3;8;16;2325;5325
+5V;8;16;1190;1835
+1V2;8;18;1325;1725
+1V2;8;18;1225;1975
+5V;8;16;1557;1918
+5V;8;16;1557;1775
+5V;8;16;1500;1850
+2V5;8;16;1650;1775
+2V5;8;16;1600;1975
+2V5;8;16;1650;1700
+3V3;8;16;1875;1925
+3V3;8;16;1875;1775
+3V3;8;16;1825;1850
+1V8;8;16;1975;1775
+1V8;8;16;1975;1700
+1V8;8;16;1900;1975
+2V8;8;16;2375;1975
+5V;8;16;2200;1925
+5V;8;16;2150;1850
+5V;8;16;2200;1775
+2V8;8;16;2300;1700
+2V8;8;16;2500;1550
+3V3;8;16;1325;6025
+1V8;8;16;4175;1950
+3V3;8;16;1975;5020
VDD_MCU;8;16;2375;4850
VDD_MCU;8;16;2150;4875
+2V8;8;16;2750;1775
+1V2;16;25;2875;4675
VDD_MCU;8;16;2100;4125
+1V2;8;18;1270;1925
+3V3;8;16;1875;1275
+3V3;8;16;1675;1500
+2V8;8;16;2300;1750
+2V8;8;16;4175;1925
+2V8;8;16;4275;2075
+1V8;8;16;4300;1975
VDD_MCU;8;16;2275.59;4544.41
