-2707.09 6552.67 -1928.63 6552.67 -1889.26 6513.3 -1889.26 6513.3 -1889.26 5924.24 -1889.26 5924.24 -1928.63 5884.87 -2479.81 5884.87 -2519.18 5845.5 -2519.18 5845.5 -2519.18 5550.23 -2519.18 5550.23 -2558.55 5510.86 -2932.56 5510.86 -2971.93 5471.49 -2971.93 5471.49 -2971.93 4743.14 -2971.93 4743.14 -2932.56 4703.77 -2656.97 4703.77 -2617.6 4664.4 -2617.61 4664.4 -2617.61 4468.14 -3547.7 4997.89 -3558.11 5606.58 -3179.33 5944.61 -3114.06 5988.57 -3048.78 6018.26 -2707.94 6098.69 -2720.67 6129.55 -2707.09 6552.67 
-3912.72 2457.57 -4039.24 2299.24 -4064.2 2307.18 -4089.79 2313.2 -4102.14 2315.08 -4232.06 2352.16 -4253.84 2365.85 -4425.0 2363.9 -4375.36 2597.16 -4321.84 2764.8 -4467.96 3327.16 -3380.27 3292.3 -3385.97 3243.68 -3395.46 3055.49 -3438.69 2938.69 -3660.4 2638.41 -3792.19 2560.92 -3912.72 2457.57 
-4684.53 -1403.45 -4723.9 -1364.08 -4723.9 -885.5 -4358.07 -835.37 -4311.73 -839.23 -3579.13 -1260.62 -3490.84 -1004.42 -3488.64 -54.13 -2732.1 -197.96 -2660.29 -161.53 -2641.66 -116.7 -2543.31 504.4 -2380.63 607.41 -2186.37 825.14 -2149.19 821.44 -1785.15 1084.2 -1597.24 1134.08 -1470.0 1179.5 -1247.61 1065.26 -1044.27 1053.64 -1044.27 -1364.08 -1044.27 -1364.08 -1083.64 -1403.45 -1083.64 -1403.45 -4684.53 -1403.45 
-4723.9 406.57 -4723.9 1512.23 -4273.59 1497.78 -4076.78 1483.5 -3921.31 1235.45 -3737.32 1085.0 -3980.22 339.04 -4358.07 348.47 -4723.9 406.57 
-4723.9 3404.88 -4723.9 4617.9 -3910.14 4963.17 -3547.7 4997.89 -2617.61 4468.14 -2617.61 3967.87 -3243.16 3421.83 -3295.52 3370.09 -3380.27 3292.3 -4467.96 3327.16 -4723.9 3404.88 
-3697.82 6552.67 -2707.09 6552.67 -2720.67 6129.55 -2707.94 6098.69 -3048.78 6018.26 -3114.06 5988.57 -3179.33 5944.61 -3558.11 5606.58 -3670.48 5946.98 -3685.22 5976.43 -3745.3 6132.08 -3697.82 6552.67 
-2949.73 960.19 -3009.27 1152.26 -3010.6 1197.17 -2889.63 1208.23 -2878.62 1200.8 -2832.5 1180.07 -2684.98 1137.11 -2804.09 999.0 -2863.29 999.0 -2888.67 981.88 -2945.14 918.47 -2949.73 960.19 
-4723.9 4617.9 -4723.9 6513.3 -4684.53 6552.67 -3697.82 6552.67 -3745.3 6132.08 -4152.67 6178.37 -4354.38 6273.21 -4426.3 6133.29 -4439.6 6117.82 -4440.64 6110.91 -4456.92 5918.58 -4491.62 5898.89 -4514.89 5748.04 -4379.98 5551.8 -4252.31 5444.04 -4131.51 5289.2 -3910.14 4963.17 -4723.9 4617.9 
-3676.0 1114.23 -3561.45 1142.06 -3408.44 1259.24 -3196.82 1221.91 -3075.0 1219.7 -3010.6 1197.17 -3009.27 1152.26 -2949.73 960.19 -2945.14 918.47 -2888.67 981.88 -2863.29 999.0 -2804.09 999.0 -2684.98 1137.11 -2678.73 1136.78 -2514.19 1061.56 -2311.22 1013.23 -2213.09 861.91 -2186.37 825.14 -2380.63 607.41 -2543.31 504.4 -2767.41 555.91 -3041.78 593.06 -3537.44 6.89 -3631.49 48.24 -3980.22 339.04 -3737.32 1085.0 -3676.0 1114.23 
-4723.9 1512.23 -4723.9 1820.35 -4441.23 1893.8 -4273.59 1840.28 -3981.92 1778.21 -4076.78 1483.5 -4273.59 1497.78 -4723.9 1512.23 
-4723.9 2285.94 -4723.9 3404.88 -4467.96 3327.16 -4321.84 2764.8 -4375.36 2597.16 -4425.0 2363.9 -4493.09 2332.05 -4723.9 2285.94 
-3495.49 1961.0 -3525.22 1928.5 -3597.22 1928.5 -3676.0 1888.81 -3927.53 1849.67 -3981.59 1937.5 -4005.35 2125.85 -4006.3 2151.44 -4002.0 2234.04 -4039.24 2299.24 -3912.72 2457.57 -3792.19 2560.92 -3660.4 2638.41 -3438.69 2938.69 -3402.37 2460.87 -3413.98 2087.47 -3495.49 1961.0 
-3488.64 -54.13 -3537.44 6.89 -3041.78 593.06 -2767.41 555.91 -2543.31 504.4 -2641.66 -116.7 -2660.29 -161.53 -2732.1 -197.96 -3488.64 -54.13 
-3927.53 1849.67 -3676.0 1888.81 -3597.22 1928.5 -3525.22 1928.5 -3335.9 1693.87 -3303.82 1547.68 -3408.44 1259.24 -3561.45 1142.06 -3676.0 1114.23 -3737.32 1085.0 -3921.31 1235.45 -4076.78 1483.5 -3981.92 1778.21 -3927.53 1849.67 
-2876.99 1261.35 -2900.95 1387.0 -2891.42 1437.0 -2859.0 1493.66 -2859.0 1579.92 -2856.87 1581.61 -2628.12 1487.83 -2620.47 1488.59 -2442.62 1601.8 -2390.5 1628.96 -2283.62 1438.42 -2312.57 1070.68 -2311.22 1013.23 -2514.19 1061.56 -2678.73 1136.78 -2684.98 1137.11 -2832.5 1180.07 -2878.62 1200.8 -2889.63 1208.23 -2876.99 1261.35 
-4723.9 -885.5 -4723.9 406.57 -4358.07 348.47 -3980.22 339.04 -3631.49 48.24 -3537.44 6.89 -3488.64 -54.13 -3490.84 -1004.42 -3579.13 -1260.62 -4311.73 -839.23 -4358.07 -835.37 -4723.9 -885.5 
-4723.9 1820.35 -4723.9 2285.94 -4493.09 2332.05 -4425.0 2363.9 -4253.84 2365.85 -4232.06 2352.16 -4102.14 2315.08 -4089.79 2313.2 -4064.2 2307.18 -4039.24 2299.24 -4002.0 2234.04 -4006.3 2151.44 -4005.35 2125.85 -3981.59 1937.5 -3927.53 1849.67 -3981.92 1778.21 -4273.59 1840.28 -4441.23 1893.8 -4723.9 1820.35 
-1044.27 1851.1 -1044.27 1053.64 -1247.61 1065.26 -1470.0 1179.5 -1498.68 1442.0 -1522.57 1872.63 -1044.27 1851.1 
-2311.22 1013.23 -2312.57 1070.68 -2283.62 1438.42 -1970.97 1500.34 -1937.79 1442.0 -1785.15 1084.2 -2149.19 821.44 -2186.37 825.14 -2213.09 861.91 -2311.22 1013.23 
-3114.52 1913.8 -3115.72 1888.2 -3139.66 1793.14 -3019.23 1781.16 -2958.43 1818.6 -2920.3 1830.38 -2867.88 1789.19 -2811.53 1717.14 -2584.01 1796.2 -2443.49 1744.29 -2390.43 1687.58 -2390.5 1628.96 -2442.62 1601.8 -2620.47 1488.59 -2628.12 1487.83 -2856.87 1581.61 -2859.0 1579.92 -2859.0 1493.66 -2891.42 1437.0 -2900.95 1387.0 -2876.99 1261.35 -2889.63 1208.23 -3010.6 1197.17 -3075.0 1219.7 -3196.82 1221.91 -3408.44 1259.24 -3303.82 1547.68 -3335.9 1693.87 -3525.22 1928.5 -3495.49 1961.0 -3126.4 1961.0 -3118.56 1939.39 -3114.52 1913.8 
-1707.9 1918.38 -1637.8 1967.1 -1522.57 1872.63 -1498.68 1442.0 -1470.0 1179.5 -1597.24 1134.08 -1785.15 1084.2 -1937.79 1442.0 -1970.97 1500.34 -2283.62 1438.42 -2390.5 1628.96 -2390.43 1687.58 -2240.26 1788.81 -1707.9 1918.38 
-4456.92 5918.58 -4440.64 6110.91 -4439.6 6117.82 -4426.3 6133.29 -4354.38 6273.21 -4152.67 6178.37 -3745.3 6132.08 -3685.22 5976.43 -3670.48 5946.98 -3558.11 5606.58 -3547.7 4997.89 -3910.14 4963.17 -4131.51 5289.2 -4252.31 5444.04 -4379.98 5551.8 -4514.89 5748.04 -4491.62 5898.89 -4456.92 5918.58 
-2930.24 2108.48 -2941.81 2141.32 -3013.55 2209.45 -2997.46 2365.5 -2819.53 2310.25 -2812.12 2303.82 -2468.12 2265.23 -2486.73 2250.72 -2689.13 2023.16 -2697.64 2024.48 -2767.12 2071.0 -2905.36 2071.0 -2930.24 2108.48 
-2617.61 3967.87 -2617.61 3130.5 -2617.6 3130.5 -2578.23 3091.13 -2578.23 3091.13 -1083.64 3091.13 -1083.64 3091.13 -1044.27 3051.76 -1044.27 3051.76 -1044.27 1851.1 -1522.57 1872.63 -1637.8 1967.1 -1699.32 2235.46 -2253.72 2256.74 -2329.77 2281.61 -2440.87 2281.61 -2445.62 2276.13 -2468.12 2265.23 -2812.12 2303.82 -2819.53 2310.25 -2997.46 2365.5 -3024.15 2436.42 -3033.0 2473.18 -3395.46 3055.49 -3385.97 3243.68 -3380.27 3292.3 -3295.52 3370.09 -3243.16 3421.83 -2617.61 3967.87 
-3126.4 1961.0 -3495.49 1961.0 -3413.98 2087.47 -3402.37 2460.87 -3438.69 2938.69 -3395.46 3055.49 -3033.0 2473.18 -3024.15 2436.42 -2997.46 2365.5 -3013.55 2209.45 -2941.81 2141.32 -2930.24 2108.48 -2905.36 2071.0 -2902.38 1945.57 -2906.47 1939.7 -2920.3 1830.38 -2958.43 1818.6 -3019.23 1781.16 -3139.66 1793.14 -3115.72 1888.2 -3114.52 1913.8 -3118.56 1939.39 -3126.4 1961.0 
-2767.12 2071.0 -2697.64 2024.48 -2689.13 2023.16 -2486.73 2250.72 -2468.12 2265.23 -2445.62 2276.13 -2440.87 2281.61 -2329.77 2281.61 -2253.72 2256.74 -1699.32 2235.46 -1637.8 1967.1 -1707.9 1918.38 -2240.26 1788.81 -2390.43 1687.58 -2443.49 1744.29 -2584.01 1796.2 -2811.53 1717.14 -2867.88 1789.19 -2920.3 1830.38 -2906.47 1939.7 -2902.38 1945.57 -2905.36 2071.0 -2767.12 2071.0 
-1847.25 -545.89 -1816.85 -494.11 -1611.47 -319.29 -1592.03 -289.92 -1497.35 -185.12 -1372.09 -411.43 -1531.33 -542.63 -1352.87 -781.99 -1373.91 -794.29 -1390.1 -817.17 -1583.46 -905.57 -1583.46 -1131.84 -1832.95 -1066.9 -1842.08 -1056.23 -2040.88 -1039.29 -2114.33 -1073.95 -2329.67 -1197.79 -2339.09 -1171.72 -2374.24 -776.54 -2354.61 -761.75 -2295.23 -569.88 -2401.7 -266.31 -2428.45 -233.74 -2288.47 -189.65 -2231.51 -205.22 -1991.83 -330.03 -1967.6 -473.38 -1909.17 -542.99 -1847.25 -545.89 
-1990.18 -205.22 -2044.28 2.94 -2038.06 12.52 -1923.03 20.04 -1923.03 -171.68 -1974.83 -220.97 -1990.18 -205.22 
-2231.51 -205.22 -2288.47 -189.65 -2044.28 2.94 -1990.18 -205.22 -1974.83 -220.97 -1923.03 -171.68 -1923.03 20.04 -1637.2 88.79 -1633.98 83.28 -1485.16 -60.57 -1497.35 -185.12 -1592.03 -289.92 -1611.47 -319.29 -1816.85 -494.11 -1847.25 -545.89 -1909.17 -542.99 -1967.6 -473.38 -1991.83 -330.03 -2231.51 -205.22 
